Statistical Test Result:
T-statistic: 26.671387376041956
P-value: 1.364625859729613e-155