Statistical Test Result:
T-statistic: 26.891419067323895
P-value: 4.4855520490958586e-158